9 0.672188 0.242569 0.034687 0.123472
0 0.373320 0.541944 0.698984 0.918611
9 0.702852 0.269236 0.053984 0.137083
7 0.393086 0.339931 0.016016 0.031250
7 0.217148 0.661181 0.014766 0.021250
11 0.364531 0.344931 0.018594 0.034028
11 0.118359 0.883403 0.027500 0.050139
9 0.382266 0.231181 0.080156 0.055972
9 0.801133 0.079583 0.027109 0.028611
11 0.156758 0.252917 0.029453 0.053889
7 0.415156 0.600903 0.015469 0.027639
9 0.416797 0.240972 0.023281 0.018889
9 0.883125 0.070903 0.043906 0.085139
