11 0.163633 0.341736 0.022734 0.041250
11 0.241719 0.443958 0.039531 0.062361
11 0.231797 0.603056 0.018281 0.021944
0 0.524453 0.490764 0.711250 0.981528
11 0.246484 0.838403 0.020625 0.033750
11 0.200430 0.851250 0.021797 0.034167
6 0.885156 0.481250 0.082812 0.118056
6 0.910937 0.711806 0.176563 0.579167
11 0.125859 0.700903 0.023906 0.038750
11 0.153008 0.083194 0.023359 0.040278
11 0.092383 0.107222 0.027891 0.045278
11 0.042891 0.314306 0.015937 0.022222
11 0.782891 0.912847 0.009063 0.027639
4 0.008672 0.390208 0.017344 0.094861
