11 0.148789 0.528889 0.022578 0.041667
11 0.099453 0.887292 0.022813 0.037639
7 0.074453 0.304792 0.026875 0.045417
0 0.342617 0.503403 0.672422 0.995972
9 0.014492 0.131389 0.028984 0.051111
9 0.658359 0.394792 0.015937 0.076250
11 0.462734 0.051944 0.045000 0.026111
11 0.143164 0.279375 0.023516 0.037361
11 0.215547 0.636111 0.035156 0.060278
11 0.032031 0.499028 0.015938 0.021944
7 0.068437 0.091458 0.031406 0.052639
9 0.511562 0.628194 0.034844 0.075000
11 0.102109 0.965764 0.021250 0.037083
10 0.512852 0.539583 0.108203 0.104444
