9 0.547930 0.279792 0.063828 0.059028
0 0.345977 0.500694 0.689453 1.000000
9 0.522266 0.165625 0.054688 0.170972
9 0.560430 0.209028 0.085859 0.200833
11 0.123711 0.216319 0.026953 0.047361
11 0.164453 0.220069 0.022187 0.037361
11 0.154961 0.586181 0.014297 0.020694
9 0.524492 0.148403 0.025859 0.062361
9 0.148438 0.062361 0.095938 0.093056
9 0.303789 0.379583 0.085078 0.162500
7 0.395742 0.561667 0.023203 0.040556
11 0.401719 0.141736 0.028750 0.057083
9 0.285625 0.178542 0.092500 0.063472
6 0.747266 0.916667 0.182031 0.161111
10 0.390039 0.728958 0.114453 0.222639
11 0.053828 0.624722 0.043125 0.036944
7 0.388398 0.384097 0.025391 0.039583
9 0.270508 0.820278 0.017891 0.062500
9 0.340273 0.325903 0.014922 0.058750
11 0.382383 0.230833 0.044297 0.085833
