11 0.855586 0.875278 0.032422 0.050556
0 0.341602 0.499514 0.677109 0.999028
11 0.040664 0.372847 0.024141 0.041250
11 0.136328 0.460347 0.044219 0.067361
11 0.147148 0.629514 0.018672 0.022361
11 0.316914 0.980208 0.021172 0.035694
11 0.058711 0.842639 0.025391 0.039167
9 0.943828 0.588750 0.023125 0.065000
11 0.144648 0.892569 0.022734 0.037083
11 0.193164 0.860486 0.021953 0.036528
11 0.148555 0.166250 0.015859 0.025556
9 0.985781 0.338403 0.028125 0.054861
11 0.044219 0.766597 0.025312 0.038194
10 0.728477 0.404444 0.076328 0.126667
