9 0.583789 0.564028 0.034453 0.106389
9 0.557891 0.550972 0.022187 0.095556
0 0.466992 0.623194 0.775391 0.756389
2 0.898438 0.838194 0.201563 0.326389
11 0.289531 0.709028 0.016094 0.031389
9 0.618086 0.357917 0.023359 0.027222
11 0.313672 0.696944 0.016563 0.028889
11 0.971406 0.565347 0.011250 0.029306
9 0.738516 0.283056 0.018125 0.033056
9 0.297500 0.611667 0.078125 0.050278
9 0.376563 0.623750 0.060625 0.050556
9 0.410664 0.717431 0.035078 0.064028
9 0.978984 0.422708 0.035625 0.027639
9 0.867617 0.262153 0.020703 0.024583
11 0.107578 0.288819 0.035156 0.072639
11 0.109141 0.685139 0.026250 0.043056
4 0.125117 0.660903 0.072422 0.111806
7 0.579922 0.551111 0.011250 0.034444
4 0.676367 0.833819 0.039141 0.098194
7 0.447773 0.562986 0.016641 0.033472
