0 0.341680 0.499861 0.682422 0.998056
2 0.642695 0.182292 0.708516 0.364583
9 0.542578 0.693750 0.015312 0.051111
6 0.730859 0.934028 0.241406 0.134722
11 0.573398 0.712778 0.053984 0.072500
11 0.463281 0.696181 0.032031 0.046250
11 0.161055 0.763542 0.023203 0.033194
9 0.891719 0.957361 0.050000 0.068056
9 0.082656 0.330972 0.016563 0.056667
11 0.498789 0.724792 0.026953 0.046806
9 0.170820 0.069236 0.037266 0.138472
11 0.224766 0.540347 0.018750 0.028750
9 0.560898 0.810486 0.027578 0.059306
11 0.621367 0.665417 0.049766 0.084722
9 0.347227 0.747014 0.045391 0.068472
9 0.484922 0.904236 0.034844 0.061250
