0 0.372383 0.494306 0.687422 0.988611
11 0.052891 0.375139 0.023594 0.040556
9 0.856289 0.576042 0.020547 0.049861
9 0.915977 0.652917 0.030391 0.081111
11 0.142734 0.465069 0.042031 0.065417
11 0.055586 0.830625 0.023047 0.038750
11 0.986406 0.618889 0.011250 0.019167
11 0.137305 0.885903 0.023203 0.035972
11 0.924531 0.718403 0.012344 0.023194
11 0.015859 0.108542 0.028750 0.044583
9 0.349023 0.467431 0.055234 0.113750
11 0.147266 0.628611 0.018438 0.022500
11 0.044023 0.754583 0.023984 0.036667
11 0.184727 0.859444 0.021641 0.034444
