0 0.338867 0.500556 0.675703 1.000000
11 0.668750 0.910000 0.013281 0.043889
9 0.975703 0.548819 0.031406 0.080417
11 0.155547 0.644792 0.018594 0.022639
6 0.745703 0.661111 0.153906 0.272222
11 0.040664 0.390417 0.027422 0.043056
7 0.967930 0.613889 0.009141 0.019444
11 0.161094 0.915694 0.021094 0.032778
11 0.140430 0.472083 0.045234 0.071111
11 0.763711 0.968958 0.025078 0.057639
7 0.911758 0.367986 0.013984 0.030139
11 0.071680 0.869931 0.023359 0.037361
11 0.209609 0.880347 0.018906 0.035139
7 0.978438 0.435694 0.007812 0.016389
9 0.355078 0.439444 0.044531 0.128611
11 0.054102 0.793472 0.025078 0.040000
9 0.985352 0.349792 0.029297 0.148750
11 0.135898 0.152083 0.015703 0.028333
11 0.718203 0.202569 0.005469 0.011806
11 0.950937 0.446458 0.047188 0.089861
