9 0.635195 0.443819 0.022422 0.085694
0 0.639219 0.692569 0.711094 0.616250
9 0.657539 0.454861 0.034609 0.096389
11 0.393437 0.572917 0.014063 0.028333
9 0.403984 0.487708 0.067187 0.041528
11 0.238984 0.237847 0.033281 0.068472
7 0.415039 0.567292 0.014609 0.027639
9 0.717344 0.334236 0.023125 0.024861
7 0.299805 0.825417 0.013359 0.024167
9 0.473906 0.514167 0.052187 0.035556
9 0.987187 0.268333 0.024844 0.025556
7 0.019062 0.786667 0.013906 0.026667
11 0.285742 0.692639 0.016641 0.030833
11 0.523438 0.469861 0.010156 0.020556
11 0.538320 0.467569 0.015547 0.032083
