11 0.283164 0.328125 0.038047 0.062361
7 0.157500 0.651319 0.020938 0.034028
11 0.210664 0.222014 0.021172 0.040417
11 0.221992 0.741806 0.019609 0.032222
11 0.266094 0.489861 0.017344 0.022778
7 0.268359 0.737639 0.017188 0.031111
11 0.156797 0.573542 0.021719 0.035139
7 0.008242 0.237222 0.010078 0.015556
7 0.096367 0.174583 0.014766 0.021944
7 0.010703 0.483333 0.018750 0.027778
11 0.051680 0.483750 0.013516 0.025556
9 0.835977 0.550556 0.096172 0.102778
11 0.198711 0.620139 0.007422 0.019444
