9 0.576992 0.238403 0.045859 0.139861
0 0.358555 0.500833 0.694297 1.000000
9 0.612852 0.273194 0.070703 0.162778
6 0.857422 0.867361 0.250781 0.268056
11 0.206641 0.291528 0.022656 0.040833
7 0.249688 0.612569 0.012031 0.019861
9 0.578828 0.224792 0.019531 0.049306
7 0.241172 0.293611 0.021094 0.033889
9 0.360430 0.428194 0.072891 0.150278
9 0.236953 0.156181 0.107656 0.077917
11 0.161250 0.652014 0.035625 0.033472
9 0.573125 0.279097 0.038125 0.057083
9 0.278281 0.178681 0.029062 0.030694
11 0.250742 0.633403 0.046172 0.099861
11 0.427656 0.290417 0.038281 0.074167
9 0.989648 0.848819 0.020703 0.031528
11 0.443242 0.212292 0.024922 0.046528
11 0.446836 0.584167 0.026641 0.053611
