0 0.339961 0.500208 0.678984 1.000000
9 0.941797 0.533819 0.030156 0.079583
11 0.009609 0.356042 0.019219 0.043194
7 0.945234 0.595139 0.009687 0.018333
7 0.881680 0.351597 0.012422 0.029306
11 0.128359 0.883264 0.021875 0.035417
11 0.105391 0.440347 0.046094 0.069861
11 0.319883 0.976111 0.020234 0.046389
11 0.121797 0.613750 0.019531 0.024167
11 0.037617 0.837292 0.023672 0.037639
9 0.095938 0.773681 0.077500 0.081250
11 0.178398 0.848819 0.020703 0.034306
11 0.090703 0.124861 0.018281 0.032500
9 0.315977 0.414236 0.052891 0.126806
9 0.957578 0.339236 0.041094 0.140972
11 0.205156 0.244306 0.030781 0.040556
