0 0.349141 0.500694 0.692344 1.000000
9 0.530469 0.126042 0.046562 0.150417
6 0.866406 0.813889 0.150000 0.311111
11 0.192461 0.533611 0.012578 0.019722
9 0.315117 0.355903 0.081641 0.160972
9 0.566523 0.161319 0.075391 0.176528
11 0.189414 0.204583 0.022266 0.036944
10 0.402344 0.649583 0.139063 0.235556
11 0.151406 0.201250 0.025781 0.043889
7 0.012891 0.228264 0.017969 0.026528
7 0.397891 0.351528 0.023594 0.037500
9 0.532227 0.111042 0.019922 0.053194
11 0.407305 0.515069 0.025859 0.055417
