9 0.383516 0.201389 0.070469 0.206111
0 0.342734 0.500694 0.682500 1.000000
7 0.023047 0.648472 0.019375 0.027222
9 0.409609 0.317569 0.095312 0.134861
11 0.015039 0.227222 0.029922 0.050833
11 0.218750 0.574722 0.025625 0.068056
11 0.343047 0.143194 0.020469 0.071389
9 0.364766 0.277639 0.033906 0.055000
11 0.618203 0.804931 0.057031 0.142083
9 0.123164 0.090208 0.041953 0.041528
11 0.063047 0.232986 0.023906 0.042083
11 0.423906 0.279236 0.010156 0.022917
9 0.651680 0.715972 0.029453 0.059167
6 0.950391 0.861111 0.097656 0.138889
11 0.025430 0.678264 0.050859 0.132639
9 0.365703 0.919097 0.065781 0.159028
11 0.546016 0.936806 0.033281 0.062222
11 0.311797 0.245208 0.054844 0.097083
