9 0.547969 0.220625 0.041094 0.134583
0 0.364805 0.511458 0.704766 0.979861
9 0.577305 0.288958 0.059453 0.077083
6 0.763672 0.899306 0.149219 0.198611
11 0.205781 0.305625 0.022031 0.039028
9 0.548516 0.207639 0.018438 0.043889
11 0.239336 0.306875 0.019297 0.032083
9 0.234453 0.177639 0.105000 0.070556
7 0.249961 0.607847 0.012891 0.019306
11 0.433711 0.217222 0.023672 0.046111
11 0.442227 0.575347 0.022891 0.047361
9 0.356016 0.433403 0.070469 0.153472
9 0.273086 0.194514 0.029766 0.032361
11 0.430625 0.425139 0.023438 0.045556
