9 0.661406 0.289861 0.034375 0.099722
0 0.561328 0.607292 0.732344 0.788194
9 0.633281 0.291389 0.022344 0.090000
9 0.368906 0.411458 0.069062 0.045139
7 0.135078 0.916042 0.018281 0.028750
9 0.730078 0.633889 0.037969 0.081111
6 0.862109 0.710417 0.121094 0.326389
11 0.291406 0.740000 0.015625 0.028333
7 0.386250 0.490972 0.013281 0.027778
9 0.717578 0.716319 0.042031 0.064583
9 0.860117 0.268333 0.021016 0.018333
11 0.193633 0.708125 0.025234 0.043750
9 0.607852 0.873056 0.021797 0.066111
