9 0.565977 0.369861 0.036172 0.130556
9 0.595664 0.401875 0.057578 0.142083
9 0.727383 0.154028 0.026953 0.031944
0 0.394063 0.593611 0.702031 0.815556
11 0.246680 0.437778 0.020859 0.037222
11 0.278438 0.433472 0.018906 0.031944
11 0.696680 0.747917 0.041172 0.113889
9 0.887227 0.133264 0.026016 0.090972
9 0.259492 0.314514 0.072422 0.057917
9 0.807422 0.155347 0.043594 0.086250
9 0.389727 0.538958 0.062109 0.149861
11 0.293477 0.725000 0.037578 0.049167
11 0.205781 0.700139 0.017969 0.046389
9 0.308633 0.321806 0.027578 0.027222
9 0.585547 0.392153 0.023906 0.056250
11 0.459531 0.329653 0.020938 0.042361
11 0.474375 0.670556 0.027969 0.058333
11 0.008008 0.341458 0.016016 0.054583
11 0.852461 0.803056 0.023047 0.055833
