9 0.569102 0.277569 0.044609 0.137639
0 0.536367 0.503542 0.709922 0.992361
9 0.604023 0.312222 0.067422 0.157778
11 0.207383 0.329583 0.022109 0.039722
7 0.250352 0.647292 0.010703 0.019861
11 0.242070 0.331250 0.020703 0.034167
9 0.238086 0.196319 0.107891 0.073194
11 0.446406 0.614583 0.025625 0.054722
9 0.359766 0.465069 0.075312 0.158472
9 0.594648 0.299583 0.027734 0.058056
9 0.570312 0.264653 0.018750 0.050139
11 0.426602 0.324236 0.038516 0.070972
9 0.340859 0.282431 0.079687 0.050694
9 0.251484 0.670139 0.047656 0.099722
11 0.441875 0.246458 0.023750 0.047917
11 0.427969 0.465833 0.038906 0.068056
9 0.786836 0.145903 0.045391 0.092917
11 0.162930 0.687569 0.033828 0.030417
10 0.479648 0.701181 0.073672 0.093194
