9 0.632031 0.528333 0.036719 0.109722
9 0.605625 0.514861 0.025156 0.096667
11 0.167969 0.250903 0.034219 0.067917
11 0.336914 0.658056 0.014297 0.029444
0 0.364375 0.517569 0.703906 0.964306
9 0.347461 0.563056 0.079141 0.049167
9 0.424180 0.581528 0.060391 0.049167
9 0.405156 0.892708 0.035313 0.079028
11 0.162227 0.623472 0.028359 0.044722
9 0.662266 0.337500 0.007969 0.028889
11 0.479844 0.527708 0.012031 0.022917
9 0.932070 0.248611 0.021016 0.027222
7 0.360547 0.648125 0.016406 0.026528
7 0.236914 0.972917 0.012578 0.021944
9 0.671055 0.335903 0.025078 0.027083
9 0.452383 0.710833 0.046172 0.133611
11 0.139180 0.935069 0.028047 0.047917
9 0.742070 0.319444 0.037266 0.072500
11 0.494648 0.524653 0.018984 0.034583
