9 0.608086 0.425347 0.020703 0.088194
9 0.631367 0.436806 0.035703 0.098611
0 0.614805 0.682500 0.726016 0.637500
11 0.364141 0.563681 0.013906 0.028472
9 0.389453 0.476528 0.099219 0.043333
11 0.217969 0.224514 0.032969 0.068194
9 0.699219 0.311319 0.023594 0.024306
11 0.386406 0.556736 0.015000 0.027639
9 0.966562 0.239167 0.024219 0.027778
7 0.266367 0.827083 0.014609 0.025556
7 0.513125 0.452500 0.016875 0.033056
9 0.838008 0.258333 0.018359 0.028889
11 0.163477 0.725278 0.013359 0.023333
