9 0.555508 0.681875 0.026953 0.066528
0 0.373008 0.501250 0.695859 0.998611
11 0.883281 0.645347 0.015937 0.019861
6 0.834766 0.259028 0.116406 0.162500
11 0.268594 0.427778 0.009375 0.013333
9 0.684141 0.632083 0.018438 0.056111
6 0.832422 0.543750 0.086719 0.243056
11 0.435234 0.979028 0.009844 0.013611
9 0.994219 0.928819 0.011562 0.037361
9 0.966250 0.895417 0.039062 0.037222
11 0.349375 0.666528 0.006406 0.012778
9 0.972578 0.903125 0.051094 0.090139
9 0.747734 0.580347 0.024688 0.091528
