0 0.414609 0.554792 0.702969 0.893194
11 0.564570 0.278958 0.025859 0.060972
11 0.440195 0.718542 0.015391 0.029306
6 0.918359 0.718056 0.066406 0.058333
6 0.947266 0.854861 0.041406 0.065278
11 0.239570 0.236667 0.036484 0.072500
11 0.717812 0.541736 0.032813 0.078750
11 0.373359 0.410069 0.028594 0.024861
11 0.234805 0.942222 0.015859 0.033889
7 0.604570 0.702917 0.012422 0.022222
11 0.333711 0.512847 0.022734 0.042361
9 0.381484 0.720625 0.035000 0.057083
11 0.528867 0.081458 0.028047 0.028194
11 0.406836 0.057153 0.031484 0.027639
11 0.671406 0.508403 0.015469 0.033750
