11 0.226953 0.546736 0.040781 0.064028
11 0.157266 0.436389 0.022969 0.042778
11 0.106055 0.794861 0.024141 0.038889
7 0.083711 0.202986 0.025234 0.044306
11 0.214453 0.704931 0.018750 0.025694
0 0.334766 0.500694 0.669375 1.000000
11 0.153008 0.180625 0.022891 0.038472
11 0.108359 0.871667 0.021719 0.037500
10 0.533789 0.447014 0.106172 0.108472
9 0.007891 0.467639 0.015781 0.097500
10 0.966797 0.445069 0.066406 0.145139
11 0.156211 0.482778 0.041172 0.136389
9 0.147812 0.103194 0.034219 0.117500
11 0.625898 0.061528 0.017734 0.043889
9 0.913398 0.297778 0.081484 0.113333
