11 0.152812 0.490208 0.021250 0.039861
11 0.099727 0.926736 0.022578 0.036250
0 0.346445 0.501042 0.675859 1.000000
11 0.219844 0.605556 0.039375 0.061944
11 0.098164 0.849306 0.024141 0.037500
11 0.206719 0.766944 0.017969 0.022778
9 0.018789 0.083403 0.037422 0.053750
7 0.151055 0.240764 0.023672 0.038194
11 0.082383 0.260556 0.031016 0.046667
11 0.557813 0.530625 0.010156 0.015417
11 0.077305 0.044444 0.031484 0.055833
9 0.402383 0.676528 0.053828 0.106111
11 0.007852 0.705556 0.007891 0.015833
11 0.475625 0.019931 0.047344 0.027083
