0 0.500000 0.495000 0.960000 0.890000
1 0.435000 0.435000 0.710000 0.390000
1 0.630000 0.475000 0.300000 0.410000
3 0.825000 0.355000 0.270000 0.390000
4 0.801484 0.766042 0.119531 0.192361
6 0.217734 0.616389 0.019062 0.034722
6 0.446875 0.702014 0.020781 0.060417
6 0.782578 0.500000 0.033125 0.067500
6 0.763672 0.385278 0.046875 0.085833
6 0.390898 0.520069 0.032422 0.059861
6 0.349336 0.723542 0.032891 0.042917
6 0.114453 0.032500 0.022344 0.044722
6 0.282969 0.761250 0.018125 0.035833
