0 0.500000 0.495000 0.960000 0.890000
1 0.435000 0.435000 0.710000 0.390000
1 0.630000 0.475000 0.300000 0.410000
3 0.825000 0.355000 0.270000 0.390000
4 0.710000 0.874236 0.182969 0.251528
4 0.903906 0.267569 0.191406 0.161250
6 0.546133 0.708819 0.018984 0.030139
6 0.346328 0.406736 0.024219 0.054306
6 0.282734 0.432500 0.019219 0.032500
6 0.528594 0.468194 0.016250 0.034722
6 0.783125 0.163125 0.042500 0.043472
6 0.568398 0.099792 0.023203 0.039583
6 0.798711 0.162153 0.018203 0.041250
6 0.492383 0.131875 0.018984 0.045694
