0 0.500000 0.490000 0.980000 0.880000
2 0.505000 0.450000 0.510000 0.580000
1 0.505000 0.590000 0.850000 0.580000
3 0.795000 0.420000 0.350000 0.520000
4 0.337578 0.596806 0.219844 0.705833
6 0.132422 0.563819 0.042187 0.073194
6 0.701328 0.669931 0.023906 0.049583
6 0.765508 0.544375 0.030703 0.047639
6 0.789766 0.543472 0.029219 0.056111
6 0.689336 0.282778 0.030547 0.065556
6 0.901484 0.362986 0.027500 0.065972
6 0.976953 0.535347 0.036406 0.068472
6 0.779922 0.796111 0.027969 0.046944
