0 0.500000 0.495000 0.960000 0.890000
1 0.435000 0.435000 0.710000 0.390000
1 0.630000 0.475000 0.300000 0.410000
3 0.825000 0.355000 0.270000 0.390000
4 0.976758 0.129514 0.046328 0.202639
4 0.642656 0.378264 0.193125 0.444861
6 0.900586 0.611389 0.022266 0.053889
6 0.656211 0.547847 0.022891 0.030139
6 0.586914 0.599306 0.042891 0.041667
6 0.617109 0.304861 0.016875 0.033611
6 0.614141 0.017361 0.015625 0.031944
6 0.425195 0.278333 0.018203 0.039722
6 0.188867 0.441042 0.024141 0.034861
