0 0.500000 0.495000 0.960000 0.890000
1 0.435000 0.435000 0.710000 0.390000
1 0.630000 0.475000 0.300000 0.410000
3 0.825000 0.355000 0.270000 0.390000
4 0.749492 0.625139 0.128984 0.266389
4 0.691367 0.757778 0.133047 0.175000
4 0.718867 0.670764 0.190547 0.365139
6 0.454141 0.712847 0.021406 0.060417
6 0.789961 0.507222 0.037734 0.069722
6 0.775391 0.396389 0.046094 0.087778
6 0.455781 0.323125 0.015625 0.056806
6 0.546953 0.129444 0.033750 0.053611
6 0.229297 0.625139 0.021094 0.026389
