0 0.500000 0.495000 0.960000 0.890000
1 0.435000 0.435000 0.710000 0.390000
1 0.630000 0.475000 0.300000 0.410000
3 0.825000 0.355000 0.270000 0.390000
4 0.761719 0.636736 0.129219 0.296806
4 0.692500 0.744722 0.152500 0.171111
6 0.795820 0.501528 0.033203 0.065278
6 0.459805 0.699236 0.022266 0.060694
6 0.297969 0.756597 0.022500 0.035972
6 0.362383 0.032153 0.029766 0.054306
6 0.779102 0.391597 0.046953 0.082917
6 0.455234 0.319444 0.015937 0.063611
6 0.628437 0.278194 0.080000 0.105556
