0 0.500000 0.495000 0.960000 0.890000
1 0.435000 0.435000 0.710000 0.390000
1 0.630000 0.475000 0.300000 0.410000
3 0.825000 0.355000 0.270000 0.390000
4 0.717969 0.457431 0.149844 0.202083
6 0.466133 0.705972 0.025234 0.026667
6 0.697773 0.749236 0.018984 0.055972
6 0.667188 0.097014 0.014062 0.044583
6 0.427305 0.462500 0.018047 0.036667
6 0.545078 0.838889 0.030938 0.035000
6 0.342148 0.108681 0.019609 0.042639
6 0.419141 0.191111 0.016719 0.033333
6 0.404766 0.029931 0.022031 0.039583
