0 0.500000 0.495000 0.960000 0.890000
1 0.435000 0.435000 0.710000 0.390000
1 0.630000 0.475000 0.300000 0.410000
3 0.825000 0.355000 0.270000 0.390000
6 0.767852 0.494931 0.033984 0.070694
6 0.750039 0.385417 0.044297 0.081389
6 0.436367 0.701042 0.019297 0.062917
6 0.207148 0.624514 0.022578 0.036250
6 0.518594 0.126319 0.034844 0.055139
6 0.378555 0.291667 0.020547 0.027500
6 0.341094 0.720833 0.015625 0.052222
6 0.269727 0.766111 0.027266 0.035556
6 0.464219 0.098264 0.015313 0.035139
